Teil 3 (1, 2, 4 als Jupyternotebook)

a)

12410 = 1111100
20310 = 11001011

         1 1 1 1 1 0 0
   + 1 1 0 0 1 0 1 1
       1  1  1  1
 -------------------------
1 0 1 0 0 0 1 0 1 1  = 32710


b)

10510 = 011011001
2110 = 10101

     0 1 1 0 1 0 0 1
+             1 0 1 0 1
                         1
----------------------
        1 1 1 1 1 1 0

c)

810 = 1000
710 = 0111

1 0 0 0 * 0 1 1 1
-----------------------
  1 0 0 0
      1 0 0 0
          1 0 0 0
     --------------------
   1 1 1 0 0 0
  
d)
1110 = 1011
1310 = 1101

1 0 1 1 * 1 1 0 1
---------------------
     1 0 1 1
         1 0 1 1
                1 0 1 1
-----------------------
   1 0 0 0 1 1 1 1
